camera_matrix:
- - 249.8824868613583
  - 0.0
  - 328.5340685603262
- - 0.0
  - 347.8177340717403
  - 250.08564924042147
- - 0.0
  - 0.0
  - 1.0
dist_coeff:
- - -0.08742030706340492
  - 0.17383027510997007
  - 0.0012565750228580419
  - 0.013890297683251222
  - -0.08372275667001662
