%YAML:1.0
---
M1: !!opencv-matrix
   rows: 3
   cols: 3
   dt: d
   data: [ 6.3293052334497031e+02, 0., 3.8508843152325869e+02, 0.,
       6.3204001555137847e+02, 3.0367907886108173e+02, 0., 0., 1. ]
D1: !!opencv-matrix
   rows: 1
   cols: 5
   dt: d
   data: [ 4.0148856751228097e-02, -3.3960117896306816e-03,
       3.3960460455791904e-03, -9.1888291155884406e-03,
       -5.1445075088408246e-02 ]
M2: !!opencv-matrix
   rows: 3
   cols: 3
   dt: d
   data: [ 6.3079289293078114e+02, 0., 3.8317571826041063e+02, 0.,
       6.3097160050435969e+02, 3.2597664213324828e+02, 0., 0., 1. ]
D2: !!opencv-matrix
   rows: 1
   cols: 5
   dt: d
   data: [ 4.4599411392078014e-02, -4.7064983359170774e-02,
       1.9049013138313649e-02, -7.5114195260940096e-03,
       1.3295106837914803e-02 ]
R: !!opencv-matrix
   rows: 3
   cols: 3
   dt: d
   data: [ 9.9800499800382325e-01, 1.8146061842344258e-03,
       6.3108883398337798e-02, 7.4860063640470105e-04,
       9.9917648793945069e-01, -4.0568282513214961e-02,
       -6.3130527928063715e-02, 4.0534592058894418e-02,
       9.9718177043613421e-01 ]
T: !!opencv-matrix
   rows: 3
   cols: 1
   dt: d
   data: [ -4.2591615951678321e+00, 7.5456177862475091e-03,
       -2.2625472811858205e-01 ]
