%YAML:1.0
    width: 800.000000
    height: 600.000000
    baseline: 0.004215
    fx: 633.308991
    R: !!opencv-matrix
        rows: 3
        cols: 3
        dt: f
        data: [ 0.997703, 0.002586, 0.067684, 
            0.000086, 0.999222, -0.039444, -0.067734, 
            0.039359, 0.996927]
    T: !!opencv-matrix
        rows: 1
        cols: 3
        dt: f
        data: [ -4.214265, 0.028355, 0.057394]
    TMatrix: !!opencv-matrix
        rows: 4
        cols: 4
        dt: f
        data: [ 0.997703, 0.000086, -0.067734, 
            -4.214265, 0.002586, 0.999222, 0.039359, 
            0.028355, 0.067684, -0.039444, 0.996927, 
            0.057394, 0.000000, 0.000000, 0.000000, 
            1.000000]
    M1: !!opencv-matrix
        rows: 3
        cols: 3
        dt: f
        data: [ 633.861417, 0.211305, 386.303964, 
            0.000000, 633.147952, 303.991149, 0.000000, 
            0.000000, 1.000000]
    D1: !!opencv-matrix
        rows: 1
        cols: 5
        dt: f
        data: [ 0.042935, -0.018455, 0.002646, 
            -0.008971, 0.000000]
    M2: !!opencv-matrix
        rows: 3
        cols: 3
        dt: f
        data: [ 633.308991, -0.849669, 381.079397, 
            0.000000, 633.407435, 325.470374, 0.000000, 
            0.000000, 1.000000]
    D2: !!opencv-matrix
        rows: 1
        cols: 5
        dt: f
        data: [ 0.044047, -0.038190, 0.018682, 
            -0.008548, 0.000000]
